50
0 220 1 196
1 185 3 3330
2 71 3 3060
3 72 1 770
4 82 3 2448
5 90 1 32
6 95 1 84
7 166 3 1080
8 244 1 940
9 207 1 4130
10 128 1 800
11 206 3 1600
12 120 2 552
13 250 2 416
14 162 1 168
15 73 3 684
16 83 3 2716
17 179 1 114
18 143 3 1152
19 118 2 6500
20 232 3 147
21 131 3 21
22 125 3 1776
23 178 2 920
24 238 3 128
25 67 2 420
26 234 2 840
27 226 2 1500
28 202 1 774
29 141 1 1596
30 101 1 128
31 167 3 1026
32 125 3 6580
33 74 1 624
34 138 3 180
35 155 1 390
36 134 1 5760
37 189 2 2604
38 68 3 2000
39 211 2 4950
40 66 2 1485
41 80 1 826
42 98 3 1296
43 205 3 224
44 194 1 132
45 205 2 240
46 179 2 2100
47 147 3 125
48 173 1 3255
49 143 2 480
10
0 3 5000
1 3 5000
2 3 5000
3 2 5000
4 2 5000
5 2 5000
6 1 5000
7 1 5000
8 1 5000
9 1 5000