100
0 153 3 1552
1 168 2 720
2 188 1 918
3 138 1 1350
4 157 2 1180
5 209 2 2610
6 149 2 1890
7 58 3 1760
8 88 3 832
9 236 1 312
10 125 3 1456
11 222 2 4779
12 243 3 672
13 113 3 800
14 204 2 3204
15 217 2 4536
16 112 2 1710
17 237 2 3400
18 162 3 45
19 203 3 208
20 92 3 294
21 232 3 1380
22 173 1 864
23 203 1 2336
24 202 2 4880
25 160 3 1008
26 228 2 1340
27 55 3 2295
28 217 2 324
29 99 2 1408
30 58 3 1300
31 106 3 2322
32 232 2 486
33 153 2 2296
34 238 2 1869
35 88 3 1152
36 113 2 588
37 67 1 2520
38 210 3 6111
39 182 3 828
40 84 1 315
41 158 1 4590
42 82 3 1224
43 245 2 840
44 157 2 156
45 181 3 1656
46 136 3 2268
47 79 3 1530
48 247 1 2214
49 93 2 3060
50 165 1 1647
51 170 1 1950
52 162 3 810
53 210 2 3395
54 233 1 464
55 181 3 3350
56 154 1 4
57 169 2 1740
58 214 2 5820
59 72 2 171
60 146 2 238
61 87 3 504
62 250 2 1950
63 121 2 216
64 209 1 594
65 202 3 1176
66 83 1 1590
67 211 1 348
68 67 2 2352
69 125 2 711
70 175 3 1760
71 209 1 2880
72 75 1 170
73 122 1 5850
74 84 3 102
75 187 2 4000
76 151 3 3600
77 51 2 2112
78 237 2 252
79 215 1 1400
80 100 3 376
81 113 2 940
82 78 3 3480
83 220 2 6000
84 155 2 2310
85 79 2 144
86 137 1 621
87 250 1 264
88 59 1 80
89 105 2 522
90 201 3 1316
91 166 1 798
92 120 2 1700
93 169 3 213
94 214 2 1168
95 108 3 4800
96 140 3 288
97 146 1 210
98 82 2 1400
99 149 2 520
10
0 3 5000
1 3 5000
2 3 5000
3 2 5000
4 2 5000
5 2 5000
6 1 5000
7 1 5000
8 1 5000
9 1 5000