100
0 762 1 28 0
1 1000 2 5 0
2 898 3 22 0
3 820 1 1 0
4 600 3 16 0
5 624 2 24 1
6 560 1 28 1
7 528 1 22 1
8 991 3 8 0
9 625 3 4 1
10 518 2 24 1
11 805 3 6 0
12 520 3 19 1
13 1000 1 12 0
14 868 1 15 1
15 577 2 28 0
16 928 1 6 1
17 699 2 3 0
18 868 1 14 1
19 840 1 29 1
20 708 1 4 0
21 985 2 13 0
22 885 1 20 0
23 956 1 19 0
24 700 2 21 1
25 573 1 17 1
26 608 1 4 1
27 978 1 24 1
28 619 2 12 1
29 915 3 16 1
30 717 3 8 0
31 551 1 14 1
32 753 2 11 0
33 605 2 28 0
34 749 3 29 1
35 703 2 28 1
36 990 2 20 0
37 666 3 26 0
38 586 2 22 1
39 748 3 17 0
40 685 1 29 0
41 653 2 28 1
42 693 3 2 1
43 538 3 16 1
44 749 3 28 0
45 814 1 29 0
46 838 3 2 1
47 904 2 9 1
48 717 3 30 1
49 546 2 14 0
50 726 1 7 0
51 941 1 23 1
52 640 1 15 0
53 670 1 7 1
54 631 2 6 0
55 879 3 29 0
56 884 2 4 0
57 616 3 5 1
58 721 3 17 0
59 906 3 29 1
60 795 2 8 0
61 855 2 13 0
62 817 1 25 1
63 536 1 19 1
64 916 2 27 1
65 930 3 12 0
66 670 2 3 0
67 666 2 16 1
68 965 1 13 1
69 885 1 20 1
70 834 1 26 0
71 977 1 26 0
72 587 3 29 1
73 794 1 7 0
74 684 1 25 0
75 689 2 23 1
76 524 3 20 1
77 620 1 4 1
78 701 3 27 0
79 536 2 19 1
80 599 1 28 1
81 782 2 30 1
82 765 3 15 1
83 947 2 23 1
84 694 1 12 0
85 816 1 4 0
86 593 1 25 0
87 786 3 20 0
88 966 1 14 1
89 671 1 1 0
90 763 3 26 1
91 611 1 9 1
92 820 3 6 0
93 804 1 17 1
94 575 3 29 0
95 803 2 14 1
96 860 1 29 1
97 777 2 22 0
98 883 3 25 0
99 627 2 12 1
10
0 2 5000
1 3 5000
2 3 5000
3 3 5000
4 2 5000
5 2 5000
6 1 5000
7 1 5000
8 1 5000
9 1 5000