100
0 367 3 876
1 258 3 590
2 303 3 387
3 297 3 6961
4 309 1 360
5 242 3 2184
6 249 2 928
7 350 2 5110
8 345 1 432
9 319 2 2136
10 363 1 816
11 356 3 1715
12 201 3 405
13 362 2 960
14 312 1 114
15 203 2 570
16 234 3 1040
17 368 3 465
18 322 1 567
19 340 3 194
20 304 1 1245
21 227 1 944
22 293 1 2544
23 351 1 546
24 229 2 1792
25 333 3 126
26 383 2 2208
27 263 3 6272
28 381 2 420
29 247 2 426
30 262 1 819
31 283 1 1080
32 312 1 27
33 238 3 135
34 370 2 1088
35 345 2 360
36 233 1 3330
37 207 2 184
38 365 2 408
39 238 3 400
40 398 1 212
41 316 2 2120
42 391 2 1400
43 216 2 3700
44 313 1 640
45 279 3 1350
46 230 2 738
47 254 2 1036
48 262 2 832
49 294 3 448
50 374 2 192
51 215 3 1780
52 221 2 2050
53 303 2 1200
54 381 3 160
55 259 2 1260
56 370 1 7020
57 397 3 702
58 393 1 3864
59 327 2 1188
60 322 3 630
61 395 2 510
62 261 2 224
63 372 3 1404
64 240 2 996
65 225 1 544
66 201 2 1600
67 394 1 2268
68 265 3 640
69 380 1 297
70 242 3 2975
71 312 2 2376
72 397 2 364
73 346 1 560
74 337 1 72
75 246 3 472
76 318 3 165
77 293 2 26
78 272 1 135
79 335 2 1470
80 253 3 1408
81 335 2 1848
82 354 1 1000
83 384 1 240
84 218 2 4896
85 207 1 4644
86 377 3 2100
87 262 2 544
88 220 1 3760
89 299 3 4788
90 317 2 760
91 319 3 420
92 202 2 1830
93 254 3 6
94 235 1 700
95 310 1 600
96 224 2 1512
97 386 3 3078
98 332 2 486
99 252 1 18
10
0 3 5000
1 3 5000
2 3 5000
3 2 5000
4 2 5000
5 2 5000
6 1 5000
7 1 5000
8 1 5000
9 1 5000